chikanobu2	15	#0d1101	#e03b10	#e9a866	#56547a	#f8c8ca	#938955	#4f5386	#c69279	#821720	#c56761	#e9da96	#1d1a45	#633b29	#dacd8d	#a6f48d
chikanobu2	15	#080f14	#9453a0	#215b37	#cd0719	#f5d4b4	#b997b6	#79789c	#310e21	#8a623b	#9b834d	#c4ad88	#182555	#3292a0	#ff7143	#28e000
chikanobu2	15	#ca1607	#f9bd7f	#dbeae7	#0e1018	#a16ba8	#46327a	#a36c72	#fdc39e	#6f341e	#d4bc94	#381c3c	#a16e57	#3276ab	#415820	#04c7c3
chikanobu2	15	#010f00	#d81f1f	#efeaf3	#ecc27b	#8b6083	#202947	#4d1622	#b82d00	#b5b9cc	#454a8a	#f2dfb5	#c65d64	#2b7fb3	#bb4e28	#6a1020
chikanobu2	15	#dcb48e	#072f1a	#827b7e	#dccdc9	#c23715	#e69240	#04001b	#414d6c	#69834b	#eb9523	#da6222	#d7cf1b	#697f3e	#7f9c8e	#aeb125
homer1	15	#a7574b	#9c967f	#361213	#cb7d58	#e39a69	#c86532	#8194b5	#6b4842	#9e4930	#774514	#c0865a	#9c8f73	#af7446	#d59164	#27da5b
homer1	15	#859ab2	#9b4b2e	#a59d75	#32252f	#d48141	#c5a1af	#ffdd88	#39432a	#1c181c	#8d6260	#c48c35	#b7675b	#7e725d	#814e51	#8dc08a
homer1	15	#ffb44d	#be6336	#692a10	#5d99a6	#bc6956	#997c6c	#cc8f4b	#a36726	#e78661	#b4afbb	#c99c75	#c9624e	#959b6b	#8d6350	#ad1867
homer1	15	#7893b3	#2a271f	#f1bc8f	#d25020	#a65b4c	#89849c	#43243a	#aa2b18	#4d242c	#955e55	#8e2c23	#b39d7c	#1c0b1f	#842a29	#bc6348
homer1	15	#b05e59	#85906b	#c6955e	#26210f	#9f8440	#975a6b	#27101c	#5e9aa0	#ab7a56	#965c4b	#b04e23	#e28a70	#a97e68	#f0c677	#4cb422
macke1	15	#cdeede	#af9d5a	#f4d63f	#895e37	#81586b	#685221	#8a9f70	#95531d	#4b4540	#a84f4d	#c5944f	#9ac683	#dfb89c	#6e6c41	#bf2b7f
macke1	15	#feff3d	#687da2	#e24636	#746323	#fcefb9	#bca22a	#857945	#a0c4c9	#dbb64a	#aab98c	#7e6c15	#e4d26a	#6b764a	#94a654	#effbb2
macke1	15	#925c6d	#f0cecf	#494773	#fcce2e	#ec7f30	#759c6a	#90832f	#cb9955	#5a383f	#f5d688	#60789d	#fffa28	#dd473f	#695436	#02ae49
macke1	15	#dae2d9	#696367	#96ac46	#ea9231	#dedb3c	#f1e773	#714250	#dbce84	#83908b	#eebb39	#c2d27d	#716c62	#924a48	#683b51	#14749e
macke1	15	#e9fbd2	#77776d	#5b6d34	#ae8555	#f1d64e	#7c9d6e	#8f5558	#d5a14a	#ad5645	#959541	#a8c7df	#bea09f	#88984b	#2c4267	#2cdb1e
monet1	15	#647b72	#a5c8a7	#7c8e8c	#455c70	#545e58	#8370a4	#70769a	#60a078	#48204e	#69674e	#8c9e99	#8b743d	#606669	#638266	#d61127
monet1	15	#8ea9c8	#638e55	#575476	#775242	#6b8578	#a68ab3	#548d6c	#aea3bb	#acc1d9	#493a45	#7b7838	#a19c8e	#4c6d8e	#7c9b8c	#c231f2
monet1	15	#53824a	#442129	#807d8b	#b4b9b7	#4e2866	#c5aeba	#333145	#66484b	#5d815f	#7b6a58	#645a66	#566159	#988aab	#744b54	#0f6395
monet1	15	#a3b2c1	#434f8f	#516d4f	#668472	#673e3f	#6e6543	#928194	#887d78	#8b99a1	#582f52	#a09999	#699847	#363159	#5f8288	#fcb9a0
monet1	15	#73624f	#607c47	#46616f	#757d99	#b3bea5	#7a9999	#7c8660	#97baba	#66637c	#675669	#5c8f65	#4d3950	#66657e	#657764	#f13241
photo_joaquin_rosado	15	#a37451	#a197ad	#252325	#715166	#fbffff	#634829	#8d877b	#95764b	#5e1c37	#af96af	#796660	#433c24	#7c7542	#625830	#319005
photo_joaquin_rosado	15	#975a8f	#763614	#d6b338	#d0c7a6	#322d24	#292e00	#a0b09a	#907381	#586245	#6f4e5f	#272c31	#c697b7	#974f53	#7b619b	#7bf145
photo_joaquin_rosado	15	#8371b3	#b17e6c	#c79b45	#5d4565	#d1ccae	#a1afa9	#113019	#ac9769	#4d7c53	#263b27	#57183b	#957d77	#ae959a	#b29863	#f1e736
photo_joaquin_rosado	15	#a86e93	#c3b864	#805c96	#795d41	#dbd8b1	#543732	#3a5145	#cb9899	#143169	#37595f	#747f88	#a5a6b1	#4f7f30	#634a47	#a2db2b
photo_joaquin_rosado	15	#f7fcff	#926c71	#656f6b	#9d8881	#30232e	#c4c35d	#e0c644	#a07480	#674c27	#8c7849	#683047	#837570	#394a60	#849138	#6a21c1
photo_krikit	15	#c5cbcc	#5e7c5d	#401627	#9fa039	#4b74ba	#b0a262	#817faa	#585527	#754518	#112512	#c4c170	#1a47c2	#a9a911	#655586	#57d179
photo_krikit	15	#ccb62c	#ea3a23	#3f70c9	#c1d1ff	#426033	#1a155a	#4c6ec8	#998748	#14328d	#9a9aaa	#c3a15f	#748968	#4e6ca2	#52371b	#37333f
photo_krikit	15	#1e2baf	#97bc23	#602603	#8d1d13	#e9dee1	#778fa4	#456d68	#bab881	#806215	#828d8c	#2c1778	#43486f	#e02e20	#b5b456	#21be32
photo_krikit	15	#8d0c09	#f0f8ff	#3e5ed4	#d2c614	#5e4420	#6b9ed4	#6a5b1a	#9a9e1f	#363919	#8e825b	#2321a8	#816b32	#818fa6	#92c3aa	#fb5ef4
photo_krikit	15	#3b1d35	#547bb9	#697838	#b5a442	#9bb2e8	#253095	#c27436	#674e3b	#320d2e	#404691	#373627	#282506	#7b89c8	#afe2f9	#d65610
photo_powi	15	#463616	#7488d9	#9eab0f	#996e00	#e7f2ed	#fecf15	#98c5e8	#1f0902	#c15e07	#a08257	#403d03	#466ebc	#88a22e	#4d5605	#e1d36a
photo_powi	15	#e7f1ea	#458fd1	#e3ba18	#a6540d	#415e12	#7a8870	#e29d16	#4e8fda	#6d6936	#1a3c28	#8c903c	#bbc9e2	#6ba2f4	#a68702	#79ec73
photo_powi	15	#3d6dd3	#e6e5e8	#8b9c2b	#efa403	#323c20	#9badee	#b7c012	#5d3c0f	#a77503	#a2a852	#3872c8	#d7b9c4	#591e1b	#f1ce0e	#87683d
photo_powi	15	#d6a511	#d9f6d4	#2e7ec0	#81a325	#7f4d10	#2d2f38	#bd6b03	#b8a22b	#ba8c1f	#c8d194	#733910	#411f3d	#b0b4e5	#565a45	#55f54f
photo_powi	15	#96be24	#5d95d9	#7d6a00	#315e01	#f8ffe6	#6e88ff	#955901	#cac256	#c1dfd6	#7699c4	#af7b0e	#524a8c	#96acea	#193d13	#0fc3e7
photo_radiofreebarton	15	#a49f61	#3e3632	#ff98b4	#8f4237	#eccaf7	#f0a868	#876c75	#6e4b3a	#8a412c	#4a1b23	#faa8b7	#572b34	#240f16	#a7c0d4	#7ee435
photo_radiofreebarton	15	#8a9571	#d8372d	#c3765d	#3c3135	#ed7dce	#752526	#bc726f	#ef888b	#233430	#ece7e3	#e68e6f	#a18d56	#863459	#ed61a4	#08dbec
photo_radiofreebarton	15	#b87c6b	#78222b	#fa8eca	#15171a	#84944e	#858277	#849c8e	#ecbca6	#713d35	#381744	#922d26	#d2a078	#f345a2	#6e4b62	#ba8d27
photo_radiofreebarton	15	#ff82b6	#8c3017	#43813b	#192d1b	#f99b7e	#560e31	#a77c8c	#5e4b44	#946a66	#7c7f85	#042822	#521a26	#f15296	#f78ea1	#11482f
photo_radiofreebarton	15	#b9664e	#a3897d	#a94751	#edc9fe	#0c201a	#954e34	#953e4f	#8a9186	#e7e0fd	#645e21	#be6662	#5a5355	#5b425d	#f8a2d9	#7bf1e3
photo_ssdginteriors	15	#16121b	#8c4b33	#483826	#732e02	#d4b692	#eab670	#9e863c	#5d3100	#46140e	#931f07	#c17553	#f2f0c3	#7e5a33	#b48d83	#c5b386
photo_ssdginteriors	15	#b1220c	#beb79a	#e2c66c	#151021	#80532a	#655e42	#441613	#675e1f	#582e19	#d1a75e	#b78e43	#eae6ea	#5a5b1b	#774800	#2fc9ba
photo_ssdginteriors	15	#921401	#3e1800	#542406	#86962e	#d2bd90	#9e8b49	#533c25	#c39443	#361b00	#c88d57	#312e32	#767e4a	#d5b16b	#2e441f	#50fd42
photo_ssdginteriors	15	#9f440b	#241600	#cbcf9c	#4b2f2a	#927132	#effdbe	#3a1713	#76161b	#d7cf70	#907b35	#344701	#9a2500	#485521	#5f411b	#965086
photo_ssdginteriors	15	#885831	#d0b287	#472226	#220600	#373407	#62441d	#f7eda2	#95894b	#c9c295	#a87544	#b7451b	#deb67b	#a9936b	#604439	#18a0b8
seurat1	15	#5a6028	#cac14e	#946b30	#826b5d	#b2cb94	#95a170	#8a6e2c	#8f6850	#6a8f4b	#6d3d26	#f5d4b2	#c18768	#7d6736	#8c9025	#e484ff
seurat1	15	#9d6033	#deceb5	#dfe268	#5c555c	#55632c	#1f3616	#837f41	#413a4a	#586536	#665442	#988568	#d1b691	#e1fa89	#696217	#0e464a
seurat1	15	#c9a03c	#7c916e	#463858	#925e21	#666a25	#4c5849	#626f66	#27362c	#ad8e13	#bda25d	#f4dd55	#f4e19b	#cacb9b	#825b30	#1bf683
seurat1	15	#ffe964	#b1ba95	#677d0d	#946e30	#714c6b	#4e6141	#c4ad82	#4e2a2a	#787e48	#e6ef90	#4a401c	#935135	#9a7242	#556721	#9bbb99
seurat1	15	#653f2f	#c4cc94	#5f502c	#a7904e	#c9c269	#58301c	#63693c	#dbe193	#9b864a	#8a7468	#cfc575	#49493e	#7e6418	#bdae9c	#8bacf1
